255 255 255 255 255 255 255 255 255 255 255 255 255 255 255 255
255 214 152 152 152 152 152 152 152 152 152 152 152 152 214 255
255 152   0   0   0   0   0   0   0   0   0   0   0   0 152 255
255 152   0   2  23  23  23  23  23  23  23  23   2   0 152 255
255 152   0  23 240 240 240 240 240 240 240 240  23   0 152 255
255 152   0  23 240 240 240 240 240 240 240 240  23   0 152 255
255 152   0  23 240 240 174  49  40 177 240 240  23   0 152 255
255 152   0  23 240 240 143  26  78 192 240 240  23   0 152 255
255 152   0  23 240 240 168 138  72  92 240 240  23   0 152 255
255 152   0  23 240 240 180  56  59 183 240 240  23   0 152 255
255 152   0  23 240 240 240 240 240 240 240 240  23   0 152 255
255 152   0  23 240 240 240 240 240 240 240 240  23   0 152 255
255 152   0   2  23  23  23  23  23  23  23  23   2   0 152 255
255 152   0   0   0   0   0   0   0   0   0   0   0   0 152 255
255 214 152 152 152 152 152 152 152 152 152 152 152 152 214 255
255 255 255 255 255 255 255 255 255 255 255 255 255 255 255 255
255 255 255 255 255 255 255 255 255 255 255 255 255 255 255 255
255 214 152 152 152 152 152 152 152 152 152 152 152 152 214 255
255 152   0   0   0   0   0   0   0   0   0   0   0   0 152 255
255 152   0   2  23  23  23  23  23  23  23  23   2   0 152 255
255 152   0  23 240 240 240 240 240 240 240 240  23   0 152 255
255 152   0  23 240 240 240 240 240 240 240 240  23   0 152 255
255 152   0  23 240 240 174  49  40 177 240 240  23   0 152 255
255 152   0  23 240 240 143  26  78 192 240 240  23   0 152 255
255 152   0  23 240 240 168 138  72  92 240 240  23   0 152 255
255 152   0  23 240 240 180  56  59 183 240 240  23   0 152 255
255 152   0  23 240 240 240 240 240 240 240 240  23   0 152 255
255 152   0  23 240 240 240 240 240 240 240 240  23   0 152 255
255 152   0   2  23  23  23  23  23  23  23  23   2   0 152 255
255 152   0   0   0   0   0   0   0   0   0   0   0   0 152 255
255 214 152 152 152 152 152 152 152 152 152 152 152 152 214 255
255 255 255 255 255 255 255 255 255 255 255 255 255 255 255 255
255 255 255 255 255 255 255 255 255 255 255 255 255 255 255 255
255 214 152 152 152 152 152 152 152 152 152 152 152 152 214 255
255 152   0   0   0   0   0   0   0   0   0   0   0   0 152 255
255 152   0   2  23  23  23  23  23  23  23  23   2   0 152 255
255 152   0  23 240 240 240 240 240 240 240 240  23   0 152 255
255 152   0  23 240 240 240 240 240 240 240 240  23   0 152 255
255 152   0  23 240 240 174  49  40 177 240 240  23   0 152 255
255 152   0  23 240 240 143  26  78 192 240 240  23   0 152 255
255 152   0  23 240 240 168 138  72  92 240 240  23   0 152 255
255 152   0  23 240 240 180  56  59 183 240 240  23   0 152 255
255 152   0  23 240 240 240 240 240 240 240 240  23   0 152 255
255 152   0  23 240 240 240 240 240 240 240 240  23   0 152 255
255 152   0   2  23  23  23  23  23  23  23  23   2   0 152 255
255 152   0   0   0   0   0   0   0   0   0   0   0   0 152 255
255 214 152 152 152 152 152 152 152 152 152 152 152 152 214 255
255 255 255 255 255 255 255 255 255 255 255 255 255 255 255 255

255 255 255 255 255 255 255 255 255 255 255 255 255 255 255 255
255 214 152 152 152 152 152 152 152 152 152 152 152 152 214 255
255 152   0   0   0   0   0   0   0   0   0   0   0   0 152 255
255 152   0   2  23  23  23  23  23  23  23  23   2   0 152 255
255 152   0  23 240 240 240 240 240 240 240 240  23   0 152 255
255 152   0  23 240 240 240 240 240 240 240 240  23   0 152 255
255 152   0  23 240 240 177 192  92 183 240 240  23   0 152 255
255 152   0  23 240 240  40  78  72  59 240 240  23   0 152 255
255 152   0  23 240 240  49  26 138  56 240 240  23   0 152 255
255 152   0  23 240 240 174 143 168 180 240 240  23   0 152 255
255 152   0  23 240 240 240 240 240 240 240 240  23   0 152 255
255 152   0  23 240 240 240 240 240 240 240 240  23   0 152 255
255 152   0   2  23  23  23  23  23  23  23  23   2   0 152 255
255 152   0   0   0   0   0   0   0   0   0   0   0   0 152 255
255 214 152 152 152 152 152 152 152 152 152 152 152 152 214 255
255 255 255 255 255 255 255 255 255 255 255 255 255 255 255 255
255 255 255 255 255 255 255 255 255 255 255 255 255 255 255 255
255 214 152 152 152 152 152 152 152 152 152 152 152 152 214 255
255 152   0   0   0   0   0   0   0   0   0   0   0   0 152 255
255 152   0   2  23  23  23  23  23  23  23  23   2   0 152 255
255 152   0  23 240 240 240 240 240 240 240 240  23   0 152 255
255 152   0  23 240 240 240 240 240 240 240 240  23   0 152 255
255 152   0  23 240 240 177 192  92 183 240 240  23   0 152 255
255 152   0  23 240 240  40  78  72  59 240 240  23   0 152 255
255 152   0  23 240 240  49  26 138  56 240 240  23   0 152 255
255 152   0  23 240 240 174 143 168 180 240 240  23   0 152 255
255 152   0  23 240 240 240 240 240 240 240 240  23   0 152 255
255 152   0  23 240 240 240 240 240 240 240 240  23   0 152 255
255 152   0   2  23  23  23  23  23  23  23  23   2   0 152 255
255 152   0   0   0   0   0   0   0   0   0   0   0   0 152 255
255 214 152 152 152 152 152 152 152 152 152 152 152 152 214 255
255 255 255 255 255 255 255 255 255 255 255 255 255 255 255 255
255 255 255 255 255 255 255 255 255 255 255 255 255 255 255 255
255 214 152 152 152 152 152 152 152 152 152 152 152 152 214 255
255 152   0   0   0   0   0   0   0   0   0   0   0   0 152 255
255 152   0   2  23  23  23  23  23  23  23  23   2   0 152 255
255 152   0  23 240 240 240 240 240 240 240 240  23   0 152 255
255 152   0  23 240 240 240 240 240 240 240 240  23   0 152 255
255 152   0  23 240 240 177 192  92 183 240 240  23   0 152 255
255 152   0  23 240 240  40  78  72  59 240 240  23   0 152 255
255 152   0  23 240 240  49  26 138  56 240 240  23   0 152 255
255 152   0  23 240 240 174 143 168 180 240 240  23   0 152 255
255 152   0  23 240 240 240 240 240 240 240 240  23   0 152 255
255 152   0  23 240 240 240 240 240 240 240 240  23   0 152 255
255 152   0   2  23  23  23  23  23  23  23  23   2   0 152 255
255 152   0   0   0   0   0   0   0   0   0   0   0   0 152 255
255 214 152 152 152 152 152 152 152 152 152 152 152 152 214 255
255 255 255 255 255 255 255 255 255 255 255 255 255 255 255 255

255 255 255 255 255 255 255 255 255 255 255 255 255 255 255 255
255 214 152 152 152 152 152 152 152 152 152 152 152 152 214 255
255 152   0   0   0   0   0   0   0   0   0   0   0   0 152 255
255 152   0   2  23  23  23  23  23  23  23  23   2   0 152 255
255 152   0  23 240 240 240 240 240 240 240 240  23   0 152 255
255 152   0  23 240 240 240 240 240 240 240 240  23   0 152 255
255 152   0  23 240 240 183  59  56 180 240 240  23   0 152 255
255 152   0  23 240 240  92  72 138 168 240 240  23   0 152 255
255 152   0  23 240 240 192  78  26 143 240 240  23   0 152 255
255 152   0  23 240 240 177  40  49 174 240 240  23   0 152 255
255 152   0  23 240 240 240 240 240 240 240 240  23   0 152 255
255 152   0  23 240 240 240 240 240 240 240 240  23   0 152 255
255 152   0   2  23  23  23  23  23  23  23  23   2   0 152 255
255 152   0   0   0   0   0   0   0   0   0   0   0   0 152 255
255 214 152 152 152 152 152 152 152 152 152 152 152 152 214 255
255 255 255 255 255 255 255 255 255 255 255 255 255 255 255 255
255 255 255 255 255 255 255 255 255 255 255 255 255 255 255 255
255 214 152 152 152 152 152 152 152 152 152 152 152 152 214 255
255 152   0   0   0   0   0   0   0   0   0   0   0   0 152 255
255 152   0   2  23  23  23  23  23  23  23  23   2   0 152 255
255 152   0  23 240 240 240 240 240 240 240 240  23   0 152 255
255 152   0  23 240 240 240 240 240 240 240 240  23   0 152 255
255 152   0  23 240 240 183  59  56 180 240 240  23   0 152 255
255 152   0  23 240 240  92  72 138 168 240 240  23   0 152 255
255 152   0  23 240 240 192  78  26 143 240 240  23   0 152 255
255 152   0  23 240 240 177  40  49 174 240 240  23   0 152 255
255 152   0  23 240 240 240 240 240 240 240 240  23   0 152 255
255 152   0  23 240 240 240 240 240 240 240 240  23   0 152 255
255 152   0   2  23  23  23  23  23  23  23  23   2   0 152 255
255 152   0   0   0   0   0   0   0   0   0   0   0   0 152 255
255 214 152 152 152 152 152 152 152 152 152 152 152 152 214 255
255 255 255 255 255 255 255 255 255 255 255 255 255 255 255 255
255 255 255 255 255 255 255 255 255 255 255 255 255 255 255 255
255 214 152 152 152 152 152 152 152 152 152 152 152 152 214 255
255 152   0   0   0   0   0   0   0   0   0   0   0   0 152 255
255 152   0   2  23  23  23  23  23  23  23  23   2   0 152 255
255 152   0  23 240 240 240 240 240 240 240 240  23   0 152 255
255 152   0  23 240 240 240 240 240 240 240 240  23   0 152 255
255 152   0  23 240 240 183  59  56 180 240 240  23   0 152 255
255 152   0  23 240 240  92  72 138 168 240 240  23   0 152 255
255 152   0  23 240 240 192  78  26 143 240 240  23   0 152 255
255 152   0  23 240 240 177  40  49 174 240 240  23   0 152 255
255 152   0  23 240 240 240 240 240 240 240 240  23   0 152 255
255 152   0  23 240 240 240 240 240 240 240 240  23   0 152 255
255 152   0   2  23  23  23  23  23  23  23  23   2   0 152 255
255 152   0   0   0   0   0   0   0   0   0   0   0   0 152 255
255 214 152 152 152 152 152 152 152 152 152 152 152 152 214 255
255 255 255 255 255 255 255 255 255 255 255 255 255 255 255 255

255 255 255 255 255 255 255 255 255 255 255 255 255 255 255 255
255 214 152 152 152 152 152 152 152 152 152 152 152 152 214 255
255 152   0   0   0   0   0   0   0   0   0   0   0   0 152 255
255 152   0   2  23  23  23  23  23  23  23  23   2   0 152 255
255 152   0  23 240 240 240 240 240 240 240 240  23   0 152 255
255 152   0  23 240 240 240 240 240 240 240 240  23   0 152 255
255 152   0  23 240 240 180 168 143 174 240 240  23   0 152 255
255 152   0  23 240 240  56 138  26  49 240 240  23   0 152 255
255 152   0  23 240 240  59  72  78  40 240 240  23   0 152 255
255 152   0  23 240 240 183  92 192 177 240 240  23   0 152 255
255 152   0  23 240 240 240 240 240 240 240 240  23   0 152 255
255 152   0  23 240 240 240 240 240 240 240 240  23   0 152 255
255 152   0   2  23  23  23  23  23  23  23  23   2   0 152 255
255 152   0   0   0   0   0   0   0   0   0   0   0   0 152 255
255 214 152 152 152 152 152 152 152 152 152 152 152 152 214 255
255 255 255 255 255 255 255 255 255 255 255 255 255 255 255 255
255 255 255 255 255 255 255 255 255 255 255 255 255 255 255 255
255 214 152 152 152 152 152 152 152 152 152 152 152 152 214 255
255 152   0   0   0   0   0   0   0   0   0   0   0   0 152 255
255 152   0   2  23  23  23  23  23  23  23  23   2   0 152 255
255 152   0  23 240 240 240 240 240 240 240 240  23   0 152 255
255 152   0  23 240 240 240 240 240 240 240 240  23   0 152 255
255 152   0  23 240 240 180 168 143 174 240 240  23   0 152 255
255 152   0  23 240 240  56 138  26  49 240 240  23   0 152 255
255 152   0  23 240 240  59  72  78  40 240 240  23   0 152 255
255 152   0  23 240 240 183  92 192 177 240 240  23   0 152 255
255 152   0  23 240 240 240 240 240 240 240 240  23   0 152 255
255 152   0  23 240 240 240 240 240 240 240 240  23   0 152 255
255 152   0   2  23  23  23  23  23  23  23  23   2   0 152 255
255 152   0   0   0   0   0   0   0   0   0   0   0   0 152 255
255 214 152 152 152 152 152 152 152 152 152 152 152 152 214 255
255 255 255 255 255 255 255 255 255 255 255 255 255 255 255 255
255 255 255 255 255 255 255 255 255 255 255 255 255 255 255 255
255 214 152 152 152 152 152 152 152 152 152 152 152 152 214 255
255 152   0   0   0   0   0   0   0   0   0   0   0   0 152 255
255 152   0   2  23  23  23  23  23  23  23  23   2   0 152 255
255 152   0  23 240 240 240 240 240 240 240 240  23   0 152 255
255 152   0  23 240 240 240 240 240 240 240 240  23   0 152 255
255 152   0  23 240 240 180 168 143 174 240 240  23   0 152 255
255 152   0  23 240 240  56 138  26  49 240 240  23   0 152 255
255 152   0  23 240 240  59  72  78  40 240 240  23   0 152 255
255 152   0  23 240 240 183  92 192 177 240 240  23   0 152 255
255 152   0  23 240 240 240 240 240 240 240 240  23   0 152 255
255 152   0  23 240 240 240 240 240 240 240 240  23   0 152 255
255 152   0   2  23  23  23  23  23  23  23  23   2   0 152 255
255 152   0   0   0   0   0   0   0   0   0   0   0   0 152 255
255 214 152 152 152 152 152 152 152 152 152 152 152 152 214 255
255 255 255 255 255 255 255 255 255 255 255 255 255 255 255 255
